// MilkShape 3D ASCII

Frames: 30
Frame: 1

Meshes: 1
"Plane02" 0 0
32
0 28.641125 0.321206 -28.574965 0.000000 0.000000 -1
0 28.612980 0.013123 -28.574965 0.000000 0.250000 -1
0 37.397541 0.307081 -15.577941 0.250000 0.000000 -1
0 37.506367 0.002208 -15.685110 0.250000 0.250000 -1
0 40.517235 0.324458 -0.179783 0.500000 0.500000 -1
0 40.384113 -0.015973 -0.179783 0.500000 0.500000 -1
0 37.418827 0.330132 15.301063 0.500000 0.500000 -1
0 37.391521 0.012960 15.301063 0.500000 0.500000 -1
0 28.722601 0.303056 28.287985 0.500000 0.500000 -1
0 28.697235 0.032387 28.287985 0.500000 0.500000 -1
0 15.702428 0.294159 36.994328 0.500000 0.500000 -1
0 15.689814 0.024114 37.056068 0.500000 0.500000 -1
0 0.589422 0.293684 40.039841 0.500000 0.500000 -1
0 0.479630 0.000543 40.020729 0.500000 0.500000 -1
0 15.750842 0.351742 -37.398243 0.500000 0.500000 -1
0 15.738012 0.008193 -37.398243 0.500000 0.500000 -1
0 -27.698999 0.365926 28.273779 0.000000 0.000000 -1
0 -27.675022 0.057785 28.272614 0.000000 0.250000 -1
0 -36.455376 0.377986 15.276714 0.250000 0.000000 -1
0 -36.568325 0.073261 15.382730 0.250000 0.250000 -1
0 -39.574669 0.410958 -0.121358 0.500000 0.500000 -1
0 -39.446156 0.070260 -0.122646 0.500000 0.500000 -1
0 -36.476101 0.419142 -15.602166 0.500000 0.500000 -1
0 -36.453091 0.101910 -15.603366 0.500000 0.500000 -1
0 -27.780268 0.381179 -28.589174 0.500000 0.500000 -1
0 -27.758566 0.110465 -28.590199 0.500000 0.500000 -1
0 -14.760332 0.349738 -37.295540 0.500000 0.500000 -1
0 -14.751373 0.079706 -37.358303 0.500000 0.500000 -1
0 0.908341 0.319408 -41.097069 0.500000 0.500000 -1
0 0.458299 0.025822 -40.721180 0.500000 0.500000 -1
0 -14.808556 0.363936 37.097160 0.500000 0.500000 -1
0 -14.800376 0.020357 37.095863 0.500000 0.500000 -1
32
-0.708058 0.064684 0.703185
-0.702325 -0.076712 0.707711
-0.917145 -0.106180 0.384150
-0.838989 -0.420768 0.345038
-0.959721 0.273481 -0.064371
-0.990699 0.120404 0.063386
-0.893254 0.079043 -0.442549
-0.931726 0.175865 -0.317739
-0.659914 -0.010908 -0.751262
-0.750981 0.068236 -0.656788
-0.319460 -0.080993 -0.944132
-0.441626 -0.109366 -0.890509
0.061149 0.047010 -0.997021
-0.066569 -0.027543 -0.997402
-0.463585 0.027613 0.885622
-0.348005 0.330722 0.877220
0.708468 0.057788 -0.703373
0.701774 -0.083168 -0.707528
0.916114 -0.115974 -0.383777
0.835062 -0.429247 -0.344119
0.963118 0.261203 0.064624
0.992071 0.108712 -0.063062
0.894161 0.065328 0.442954
0.933940 0.162567 0.318320
0.659855 -0.022571 0.751054
0.751626 0.055622 0.657240
0.348419 0.101897 0.931784
0.448275 -0.117624 0.886123
-0.065505 0.561529 0.824860
0.107090 0.501696 0.858390
0.447520 0.024383 -0.893941
0.319675 0.006241 -0.947507
32
0 0 1 2 0 1 2 1
0 3 2 1 3 2 1 1
0 4 2 5 4 2 5 1
0 5 2 3 5 2 3 1
0 6 4 7 6 4 7 1
0 7 4 5 7 4 5 1
0 8 6 9 8 6 9 1
0 9 6 7 9 6 7 1
0 10 8 11 10 8 11 1
0 11 8 9 11 8 9 1
0 12 10 13 12 10 13 1
0 13 10 11 13 10 11 1
0 0 14 1 0 14 1 1
0 1 14 15 1 14 15 1
0 16 17 18 16 17 18 1
0 19 18 17 19 18 17 1
0 20 18 21 20 18 21 1
0 21 18 19 21 18 19 1
0 22 20 23 22 20 23 1
0 23 20 21 23 20 21 1
0 24 22 25 24 22 25 1
0 25 22 23 25 22 23 1
0 26 24 27 26 24 27 1
0 27 24 25 27 24 25 1
0 28 26 29 28 26 29 1
0 29 26 27 29 26 27 1
0 16 30 17 16 30 17 1
0 17 30 31 17 30 31 1
0 14 28 15 14 28 15 1
0 15 28 29 15 28 29 1
0 30 12 31 30 12 31 1
0 31 12 13 31 12 13 1

Materials: 1
"03 - Default"
0.988235 0.988235 0.988235 0.180000
0.988235 0.988235 0.988235 0.180000
0.898039 0.898039 0.898039 0.180000
0.000000 0.000000 0.000000 0.180000
12.799999
0.180000
""
""

Bones: 0
GroupComments: 0
MaterialComments: 0
BoneComments: 0
ModelComment: 0
